# duration[s]	open_theoretical_valve	open_jet_grid_valve	closed_theoretical_valve	closed_jet_grid_valve
0.000	0.000e+00	0.000e+00	0.000e+00	0.000e+00
0.050	2.928e-01	0.000e+00	1.318e-01	0.000e+00
0.100	4.969e-01	0.000e+00	2.744e-01	0.000e+00
0.150	7.983e-01	0.000e+00	3.803e-01	0.000e+00
0.200	9.247e-01	0.000e+00	5.423e-01	0.000e+00
0.250	1.173e+00	1.308e+00	6.611e-01	6.760e-01
0.300	1.284e+00	1.412e+00	8.048e-01	8.255e-01
0.350	1.450e+00	1.569e+00	9.517e-01	9.406e-01
0.400	1.519e+00	1.626e+00	1.002e+00	9.512e-01
0.450	1.434e+00	1.531e+00	9.938e-01	9.141e-01
0.500	1.373e+00	1.451e+00	1.112e+00	9.935e-01
0.550	1.158e+00	1.210e+00	1.044e+00	9.829e-01
0.600	9.992e-01	1.048e+00	9.776e-01	9.022e-01
0.650	8.458e-01	8.837e-01	8.221e-01	7.514e-01
0.700	6.946e-01	7.263e-01	7.270e-01	6.853e-01
0.750	6.449e-01	6.866e-01	6.806e-01	6.085e-01
0.800	5.153e-01	5.728e-01	6.244e-01	5.808e-01
0.850	4.958e-01	5.649e-01	5.650e-01	5.596e-01
0.900	4.094e-01	4.829e-01	5.228e-01	5.199e-01
0.950	3.813e-01	4.551e-01	4.969e-01	4.829e-01
1.000	3.457e-01	4.180e-01	4.461e-01	4.352e-01
1.050	3.230e-01	4.128e-01	4.526e-01	4.776e-01
1.100	3.036e-01	3.757e-01	3.770e-01	4.022e-01
1.150	2.701e-01	3.254e-01	3.705e-01	4.114e-01
1.200	2.150e-01	2.805e-01	3.500e-01	3.770e-01
1.250	2.042e-01	2.659e-01	3.370e-01	3.757e-01
1.300	1.566e-01	2.236e-01	3.079e-01	3.479e-01
1.350	1.383e-01	1.905e-01	2.982e-01	3.373e-01
1.400	1.210e-01	1.971e-01	2.679e-01	3.016e-01
1.450	1.145e-01	1.535e-01	2.690e-01	3.241e-01
1.500	1.037e-01	1.416e-01	2.387e-01	2.831e-01
1.550	1.026e-01	1.508e-01	2.053e-01	2.474e-01
1.600	8.534e-02	1.363e-01	1.707e-01	2.315e-01
1.650	6.698e-02	9.922e-02	1.772e-01	2.130e-01
1.700	5.725e-02	1.124e-01	1.610e-01	2.143e-01
1.750	6.374e-02	8.996e-02	1.491e-01	2.011e-01
1.800	6.158e-02	1.098e-01	1.566e-01	2.077e-01
1.850	4.429e-02	8.996e-02	1.167e-01	1.574e-01
1.900	3.457e-02	6.482e-02	1.134e-01	1.508e-01
1.950	3.565e-02	5.689e-02	1.210e-01	1.376e-01
2.000	3.025e-02	5.689e-02	1.188e-01	1.535e-01
2.050	3.997e-02	5.689e-02	1.059e-01	1.416e-01
2.100	1.836e-02	4.101e-02	9.938e-02	1.416e-01
2.150	2.485e-02	5.821e-02	8.318e-02	1.138e-01
2.200	1.836e-02	3.307e-02	7.130e-02	1.019e-01
2.250	1.944e-02	3.043e-02	7.346e-02	1.138e-01
2.300	1.296e-02	3.440e-02	7.778e-02	1.124e-01
2.350	1.296e-02	2.910e-02	7.238e-02	1.151e-01
2.400	1.188e-02	2.778e-02	5.725e-02	9.128e-02
2.450	7.562e-03	2.646e-02	6.590e-02	9.525e-02
2.500	6.482e-03	1.058e-02	6.482e-02	9.260e-02
2.550	4.321e-03	1.588e-02	4.537e-02	9.260e-02
2.600	7.562e-03	1.191e-02	5.077e-02	8.731e-02
2.650	4.321e-03	1.191e-02	5.401e-02	8.334e-02
2.700	4.321e-03	1.984e-02	2.809e-02	7.276e-02
2.750	2.161e-03	5.292e-03	4.429e-02	7.673e-02
2.800	0.000e+00	7.938e-03	4.213e-02	7.541e-02
2.850	3.241e-03	9.260e-03	2.269e-02	5.027e-02
2.900	2.161e-03	5.292e-03	3.133e-02	4.498e-02
2.950	3.241e-03	1.058e-02	2.917e-02	4.630e-02
3.000	8.642e-03	1.191e-02	2.593e-02	5.556e-02
3.050	3.241e-03	5.292e-03	1.728e-02	6.218e-02
3.100	0.000e+00	3.969e-03	1.836e-02	3.836e-02
3.150	2.161e-03	3.969e-03	1.620e-02	3.175e-02
3.200	1.080e-03	2.646e-03	1.620e-02	3.836e-02
3.250	3.241e-03	3.969e-03	1.944e-02	3.307e-02
3.300	1.080e-03	2.646e-03	2.377e-02	4.366e-02
3.350	1.080e-03	2.646e-03	1.620e-02	3.175e-02
3.400	0.000e+00	1.323e-03	1.404e-02	3.043e-02
3.450	1.080e-03	2.646e-03	9.722e-03	2.778e-02
3.500	1.080e-03	2.646e-03	1.188e-02	3.175e-02
3.550	0.000e+00	2.646e-03	1.404e-02	2.910e-02
3.600	0.000e+00	3.969e-03	1.404e-02	3.175e-02
3.650	0.000e+00	0.000e+00	6.482e-03	1.455e-02
3.700	0.000e+00	1.323e-03	8.642e-03	2.778e-02
3.750	0.000e+00	1.323e-03	9.722e-03	2.249e-02
3.800	1.080e-03	2.646e-03	6.482e-03	1.852e-02
3.850	0.000e+00	3.969e-03	8.642e-03	1.852e-02
3.900	0.000e+00	0.000e+00	4.321e-03	1.058e-02
3.950	0.000e+00	1.323e-03	8.642e-03	2.381e-02
4.000	0.000e+00	0.000e+00	8.642e-03	1.720e-02
4.050	1.080e-03	2.646e-03	4.321e-03	1.323e-02
4.100	0.000e+00	0.000e+00	7.562e-03	7.938e-03
4.150	0.000e+00	0.000e+00	3.241e-03	1.191e-02
4.200	0.000e+00	0.000e+00	2.161e-03	1.058e-02
4.250	1.080e-03	1.323e-03	5.401e-03	1.323e-02
4.300	0.000e+00	0.000e+00	5.401e-03	1.323e-02
4.350	1.080e-03	1.323e-03	3.241e-03	6.615e-03
4.400	0.000e+00	3.969e-03	3.241e-03	7.938e-03
4.450	0.000e+00	0.000e+00	1.080e-03	6.615e-03
4.500	0.000e+00	0.000e+00	1.080e-03	5.292e-03
4.550	0.000e+00	0.000e+00	2.161e-03	6.615e-03
4.600	0.000e+00	0.000e+00	2.161e-03	6.615e-03
4.650	0.000e+00	1.323e-03	2.161e-03	3.969e-03
4.700	1.080e-03	2.646e-03	3.241e-03	2.646e-03
4.750	0.000e+00	0.000e+00	1.080e-03	5.292e-03
4.800	0.000e+00	0.000e+00	1.080e-03	5.292e-03
4.850	0.000e+00	0.000e+00	1.080e-03	7.938e-03
4.900	0.000e+00	1.323e-03	3.241e-03	1.058e-02
4.950	0.000e+00	0.000e+00	5.401e-03	5.292e-03
5.000	0.000e+00	0.000e+00	1.080e-03	3.969e-03
5.050	0.000e+00	0.000e+00	1.080e-03	3.969e-03
5.100	0.000e+00	0.000e+00	2.161e-03	2.646e-03
5.150	0.000e+00	0.000e+00	1.080e-03	1.323e-03
5.200	0.000e+00	0.000e+00	4.321e-03	6.615e-03
5.250	0.000e+00	0.000e+00	1.080e-03	5.292e-03
5.300	0.000e+00	0.000e+00	1.080e-03	3.969e-03
5.350	0.000e+00	0.000e+00	2.161e-03	2.646e-03
5.400	0.000e+00	0.000e+00	0.000e+00	5.292e-03
5.450	0.000e+00	0.000e+00	0.000e+00	3.969e-03
5.500	0.000e+00	0.000e+00	1.080e-03	3.969e-03
5.550	0.000e+00	0.000e+00	2.161e-03	2.646e-03
5.600	0.000e+00	0.000e+00	1.080e-03	0.000e+00
5.650	0.000e+00	0.000e+00	0.000e+00	6.615e-03
5.700	0.000e+00	0.000e+00	0.000e+00	1.323e-03
5.750	0.000e+00	0.000e+00	0.000e+00	2.646e-03
5.800	0.000e+00	0.000e+00	0.000e+00	1.323e-03
5.850	0.000e+00	0.000e+00	0.000e+00	3.969e-03
5.900	0.000e+00	0.000e+00	0.000e+00	2.646e-03
5.950	0.000e+00	0.000e+00	0.000e+00	0.000e+00
6.000	0.000e+00	0.000e+00	0.000e+00	2.646e-03
6.050	0.000e+00	0.000e+00	0.000e+00	0.000e+00
6.100	0.000e+00	0.000e+00	1.080e-03	2.646e-03
6.150	0.000e+00	0.000e+00	0.000e+00	1.323e-03
6.200	0.000e+00	0.000e+00	1.080e-03	2.646e-03
6.250	0.000e+00	0.000e+00	0.000e+00	1.323e-03
6.300	0.000e+00	0.000e+00	0.000e+00	0.000e+00
6.350	0.000e+00	0.000e+00	0.000e+00	1.323e-03
6.400	0.000e+00	0.000e+00	0.000e+00	0.000e+00
6.450	0.000e+00	0.000e+00	0.000e+00	1.323e-03
6.500	0.000e+00	0.000e+00	0.000e+00	0.000e+00
6.550	0.000e+00	0.000e+00	0.000e+00	0.000e+00
6.600	0.000e+00	0.000e+00	0.000e+00	1.323e-03
6.650	0.000e+00	0.000e+00	0.000e+00	1.323e-03
6.700	0.000e+00	0.000e+00	1.080e-03	0.000e+00
6.750	0.000e+00	0.000e+00	0.000e+00	0.000e+00
6.800	0.000e+00	0.000e+00	0.000e+00	1.323e-03
6.850	0.000e+00	0.000e+00	1.080e-03	1.323e-03
6.900	0.000e+00	0.000e+00	0.000e+00	0.000e+00
6.950	0.000e+00	0.000e+00	0.000e+00	0.000e+00
7.000	0.000e+00	0.000e+00	0.000e+00	0.000e+00
7.050	0.000e+00	0.000e+00	0.000e+00	1.323e-03
7.100	0.000e+00	0.000e+00	0.000e+00	0.000e+00
7.150	0.000e+00	0.000e+00	0.000e+00	2.646e-03
7.200	0.000e+00	0.000e+00	0.000e+00	0.000e+00
7.250	0.000e+00	0.000e+00	0.000e+00	0.000e+00
7.300	0.000e+00	0.000e+00	0.000e+00	0.000e+00
7.350	0.000e+00	0.000e+00	1.080e-03	1.323e-03
7.400	0.000e+00	0.000e+00	0.000e+00	0.000e+00
7.450	0.000e+00	0.000e+00	0.000e+00	0.000e+00
7.500	0.000e+00	0.000e+00	0.000e+00	1.323e-03
7.550	0.000e+00	0.000e+00	0.000e+00	0.000e+00
7.600	0.000e+00	0.000e+00	0.000e+00	0.000e+00
7.650	0.000e+00	0.000e+00	0.000e+00	0.000e+00
7.700	0.000e+00	0.000e+00	0.000e+00	1.323e-03
7.750	0.000e+00	0.000e+00	0.000e+00	0.000e+00
7.800	0.000e+00	0.000e+00	0.000e+00	0.000e+00
7.850	0.000e+00	0.000e+00	0.000e+00	0.000e+00
7.900	0.000e+00	0.000e+00	0.000e+00	1.323e-03
7.950	0.000e+00	0.000e+00	0.000e+00	0.000e+00
8.000	0.000e+00	0.000e+00	0.000e+00	0.000e+00
8.050	0.000e+00	0.000e+00	0.000e+00	1.323e-03
8.100	0.000e+00	0.000e+00	0.000e+00	0.000e+00
8.150	0.000e+00	0.000e+00	0.000e+00	0.000e+00
8.200	0.000e+00	0.000e+00	0.000e+00	0.000e+00
8.250	0.000e+00	0.000e+00	0.000e+00	0.000e+00
8.300	0.000e+00	0.000e+00	0.000e+00	0.000e+00
8.350	0.000e+00	0.000e+00	0.000e+00	0.000e+00
8.400	0.000e+00	0.000e+00	0.000e+00	0.000e+00
8.450	0.000e+00	0.000e+00	0.000e+00	0.000e+00
8.500	0.000e+00	0.000e+00	0.000e+00	0.000e+00
8.550	0.000e+00	0.000e+00	0.000e+00	0.000e+00
8.600	0.000e+00	0.000e+00	0.000e+00	0.000e+00
8.650	0.000e+00	0.000e+00	0.000e+00	0.000e+00
8.700	0.000e+00	0.000e+00	0.000e+00	0.000e+00
8.750	0.000e+00	0.000e+00	0.000e+00	1.323e-03
8.800	0.000e+00	0.000e+00	0.000e+00	0.000e+00
8.850	0.000e+00	0.000e+00	0.000e+00	0.000e+00
8.900	0.000e+00	0.000e+00	1.080e-03	0.000e+00
8.950	0.000e+00	0.000e+00	0.000e+00	0.000e+00
9.000	0.000e+00	0.000e+00	0.000e+00	0.000e+00
9.050	0.000e+00	0.000e+00	0.000e+00	0.000e+00
9.100	0.000e+00	0.000e+00	0.000e+00	1.323e-03
9.150	0.000e+00	0.000e+00	0.000e+00	1.323e-03
9.200	0.000e+00	0.000e+00	0.000e+00	0.000e+00
9.250	0.000e+00	0.000e+00	0.000e+00	0.000e+00
9.300	0.000e+00	0.000e+00	0.000e+00	0.000e+00
9.350	0.000e+00	0.000e+00	0.000e+00	0.000e+00
9.400	0.000e+00	0.000e+00	0.000e+00	0.000e+00
9.450	0.000e+00	0.000e+00	0.000e+00	0.000e+00
9.500	0.000e+00	0.000e+00	0.000e+00	0.000e+00
9.550	0.000e+00	0.000e+00	0.000e+00	0.000e+00
9.600	0.000e+00	0.000e+00	0.000e+00	0.000e+00
9.650	0.000e+00	0.000e+00	0.000e+00	0.000e+00
9.700	0.000e+00	0.000e+00	0.000e+00	0.000e+00
9.750	0.000e+00	0.000e+00	0.000e+00	0.000e+00
9.800	0.000e+00	0.000e+00	0.000e+00	0.000e+00
9.850	0.000e+00	0.000e+00	0.000e+00	0.000e+00
9.900	0.000e+00	0.000e+00	0.000e+00	0.000e+00
9.950	0.000e+00	0.000e+00	0.000e+00	0.000e+00
10.000	0.000e+00	0.000e+00	0.000e+00	0.000e+00
10.050	0.000e+00	0.000e+00	0.000e+00	0.000e+00
10.100	0.000e+00	0.000e+00	0.000e+00	0.000e+00
10.150	0.000e+00	0.000e+00	0.000e+00	0.000e+00
10.200	0.000e+00	0.000e+00	0.000e+00	0.000e+00
10.250	0.000e+00	0.000e+00	0.000e+00	0.000e+00
10.300	0.000e+00	0.000e+00	0.000e+00	0.000e+00
10.350	0.000e+00	0.000e+00	0.000e+00	0.000e+00
10.400	0.000e+00	0.000e+00	0.000e+00	0.000e+00
10.450	0.000e+00	0.000e+00	0.000e+00	0.000e+00
10.500	0.000e+00	0.000e+00	0.000e+00	0.000e+00
10.550	0.000e+00	0.000e+00	0.000e+00	0.000e+00
10.600	0.000e+00	0.000e+00	0.000e+00	0.000e+00
10.650	0.000e+00	0.000e+00	0.000e+00	0.000e+00
10.700	0.000e+00	0.000e+00	0.000e+00	0.000e+00
10.750	0.000e+00	0.000e+00	0.000e+00	1.323e-03
