# duration[s]	open_theoretical_valve	open_jet_grid_valve	closed_theoretical_valve	closed_jet_grid_valve
0.000	0.000e+00	0.000e+00	0.000e+00	0.000e+00
0.050	3.651e-01	0.000e+00	1.012e-01	0.000e+00
0.100	6.844e-01	0.000e+00	1.916e-01	0.000e+00
0.150	9.399e-01	0.000e+00	2.844e-01	0.000e+00
0.200	1.215e+00	0.000e+00	3.555e-01	0.000e+00
0.250	1.499e+00	1.745e+00	4.374e-01	4.404e-01
0.300	1.650e+00	1.934e+00	5.314e-01	5.200e-01
0.350	1.721e+00	1.973e+00	6.953e-01	6.628e-01
0.400	1.727e+00	1.960e+00	7.411e-01	6.854e-01
0.450	1.599e+00	1.787e+00	8.784e-01	7.996e-01
0.500	1.398e+00	1.554e+00	8.314e-01	6.718e-01
0.550	1.066e+00	1.166e+00	7.929e-01	6.793e-01
0.600	9.338e-01	1.046e+00	8.001e-01	6.793e-01
0.650	8.073e-01	9.033e-01	8.037e-01	6.508e-01
0.700	6.386e-01	7.244e-01	6.736e-01	5.967e-01
0.750	4.844e-01	5.546e-01	6.326e-01	5.621e-01
0.800	4.338e-01	5.260e-01	5.603e-01	4.945e-01
0.850	4.061e-01	4.809e-01	5.169e-01	4.719e-01
0.900	3.193e-01	4.088e-01	5.013e-01	4.479e-01
0.950	2.783e-01	3.968e-01	5.266e-01	4.704e-01
1.000	3.049e-01	4.043e-01	4.470e-01	4.148e-01
1.050	2.567e-01	3.261e-01	4.639e-01	4.298e-01
1.100	1.759e-01	2.525e-01	4.302e-01	4.148e-01
1.150	1.579e-01	2.269e-01	3.988e-01	3.938e-01
1.200	1.253e-01	1.834e-01	3.603e-01	3.727e-01
1.250	1.289e-01	2.089e-01	3.410e-01	3.292e-01
1.300	8.194e-02	1.278e-01	3.302e-01	3.261e-01
1.350	7.953e-02	1.262e-01	3.109e-01	3.292e-01
1.400	7.109e-02	1.338e-01	3.278e-01	3.487e-01
1.450	6.145e-02	1.022e-01	2.868e-01	3.126e-01
1.500	6.868e-02	1.037e-01	2.904e-01	3.231e-01
1.550	5.061e-02	9.018e-02	3.037e-01	3.066e-01
1.600	3.976e-02	6.763e-02	2.579e-01	2.841e-01
1.650	3.012e-02	6.463e-02	2.458e-01	2.735e-01
1.700	3.615e-02	6.162e-02	2.241e-01	2.480e-01
1.750	2.410e-02	4.659e-02	2.121e-01	2.405e-01
1.800	7.230e-03	1.653e-02	2.012e-01	2.465e-01
1.850	2.169e-02	4.659e-02	1.940e-01	2.104e-01
1.900	1.566e-02	3.757e-02	1.964e-01	2.450e-01
1.950	1.687e-02	3.156e-02	1.482e-01	1.819e-01
2.000	1.205e-02	2.104e-02	1.554e-01	2.104e-01
2.050	9.640e-03	2.104e-02	1.386e-01	1.864e-01
2.100	1.084e-02	2.254e-02	1.289e-01	1.653e-01
2.150	6.025e-03	1.653e-02	1.566e-01	1.774e-01
2.200	7.230e-03	1.503e-02	1.350e-01	1.909e-01
2.250	2.410e-03	9.018e-03	9.640e-02	9.920e-02
2.300	6.025e-03	1.052e-02	1.157e-01	1.774e-01
2.350	2.410e-03	6.012e-03	8.917e-02	1.308e-01
2.400	3.615e-03	9.018e-03	1.229e-01	1.623e-01
2.450	2.410e-03	7.515e-03	1.084e-01	1.338e-01
2.500	0.000e+00	0.000e+00	9.399e-02	1.293e-01
2.550	1.205e-03	1.503e-03	8.796e-02	1.202e-01
2.600	3.615e-03	6.012e-03	8.314e-02	1.082e-01
2.650	0.000e+00	3.006e-03	9.278e-02	1.187e-01
2.700	2.410e-03	3.006e-03	7.109e-02	1.082e-01
2.750	1.205e-03	3.006e-03	8.314e-02	1.202e-01
2.800	1.205e-03	3.006e-03	7.832e-02	9.769e-02
2.850	1.205e-03	4.509e-03	7.832e-02	8.417e-02
2.900	0.000e+00	3.006e-03	7.230e-02	1.142e-01
2.950	2.410e-03	4.509e-03	5.663e-02	1.097e-01
3.000	0.000e+00	0.000e+00	6.868e-02	1.037e-01
3.050	0.000e+00	0.000e+00	6.025e-02	8.868e-02
3.100	0.000e+00	1.503e-03	6.266e-02	9.769e-02
3.150	1.205e-03	1.503e-03	5.302e-02	7.214e-02
3.200	0.000e+00	1.503e-03	4.579e-02	8.417e-02
3.250	0.000e+00	0.000e+00	4.940e-02	6.012e-02
3.300	0.000e+00	0.000e+00	3.856e-02	6.012e-02
3.350	0.000e+00	0.000e+00	3.494e-02	4.960e-02
3.400	0.000e+00	0.000e+00	4.097e-02	6.012e-02
3.450	1.205e-03	1.503e-03	4.338e-02	5.260e-02
3.500	0.000e+00	0.000e+00	3.735e-02	5.711e-02
3.550	0.000e+00	0.000e+00	2.892e-02	5.110e-02
3.600	0.000e+00	0.000e+00	3.012e-02	6.312e-02
3.650	0.000e+00	1.503e-03	3.615e-02	5.260e-02
3.700	1.205e-03	1.503e-03	2.651e-02	4.509e-02
3.750	0.000e+00	0.000e+00	2.048e-02	4.208e-02
3.800	0.000e+00	0.000e+00	3.374e-02	4.659e-02
3.850	0.000e+00	0.000e+00	1.687e-02	2.856e-02
3.900	0.000e+00	0.000e+00	2.169e-02	3.156e-02
3.950	0.000e+00	0.000e+00	2.169e-02	4.659e-02
4.000	0.000e+00	0.000e+00	1.205e-02	2.856e-02
4.050	0.000e+00	0.000e+00	2.410e-02	4.659e-02
4.100	0.000e+00	0.000e+00	1.446e-02	3.457e-02
4.150	1.205e-03	1.503e-03	1.446e-02	3.006e-02
4.200	0.000e+00	0.000e+00	9.640e-03	2.856e-02
4.250	0.000e+00	0.000e+00	1.205e-02	3.757e-02
4.300	0.000e+00	0.000e+00	1.325e-02	2.405e-02
4.350	0.000e+00	0.000e+00	1.446e-02	3.457e-02
4.400	0.000e+00	0.000e+00	1.687e-02	4.208e-02
4.450	0.000e+00	0.000e+00	9.640e-03	2.555e-02
4.500	0.000e+00	0.000e+00	7.230e-03	1.653e-02
4.550	0.000e+00	0.000e+00	1.084e-02	1.503e-02
4.600	0.000e+00	0.000e+00	1.084e-02	2.856e-02
4.650	0.000e+00	0.000e+00	1.205e-02	2.254e-02
4.700	0.000e+00	0.000e+00	3.615e-03	2.705e-02
4.750	0.000e+00	0.000e+00	8.435e-03	1.954e-02
4.800	0.000e+00	0.000e+00	8.435e-03	1.202e-02
4.850	0.000e+00	0.000e+00	1.205e-03	1.052e-02
4.900	0.000e+00	0.000e+00	6.025e-03	1.954e-02
4.950	0.000e+00	0.000e+00	7.230e-03	2.254e-02
5.000	0.000e+00	0.000e+00	1.084e-02	1.954e-02
5.050	0.000e+00	0.000e+00	6.025e-03	1.202e-02
5.100	0.000e+00	0.000e+00	9.640e-03	1.804e-02
5.150	0.000e+00	0.000e+00	3.615e-03	1.653e-02
5.200	0.000e+00	0.000e+00	3.615e-03	1.503e-02
5.250	0.000e+00	0.000e+00	4.820e-03	1.052e-02
5.300	0.000e+00	0.000e+00	4.820e-03	1.353e-02
5.350	0.000e+00	0.000e+00	3.615e-03	1.353e-02
5.400	0.000e+00	0.000e+00	6.025e-03	1.653e-02
5.450	0.000e+00	0.000e+00	2.410e-03	1.653e-02
5.500	0.000e+00	0.000e+00	4.820e-03	1.503e-02
5.550	0.000e+00	0.000e+00	3.615e-03	1.503e-02
5.600	0.000e+00	0.000e+00	2.410e-03	9.018e-03
5.650	0.000e+00	0.000e+00	7.230e-03	1.954e-02
5.700	0.000e+00	0.000e+00	6.025e-03	1.202e-02
5.750	0.000e+00	0.000e+00	1.205e-03	4.509e-03
5.800	0.000e+00	0.000e+00	4.820e-03	1.202e-02
5.850	0.000e+00	0.000e+00	2.410e-03	1.353e-02
5.900	0.000e+00	0.000e+00	1.205e-03	1.052e-02
5.950	0.000e+00	0.000e+00	4.820e-03	1.202e-02
6.000	0.000e+00	0.000e+00	2.410e-03	3.006e-03
6.050	0.000e+00	0.000e+00	3.615e-03	7.515e-03
6.100	0.000e+00	0.000e+00	1.205e-03	6.012e-03
6.150	0.000e+00	0.000e+00	0.000e+00	6.012e-03
6.200	0.000e+00	0.000e+00	0.000e+00	7.515e-03
6.250	0.000e+00	0.000e+00	2.410e-03	1.653e-02
6.300	0.000e+00	0.000e+00	2.410e-03	6.012e-03
6.350	0.000e+00	0.000e+00	4.820e-03	1.353e-02
6.400	0.000e+00	0.000e+00	0.000e+00	1.503e-03
6.450	0.000e+00	0.000e+00	1.205e-03	3.006e-03
6.500	0.000e+00	0.000e+00	0.000e+00	6.012e-03
6.550	0.000e+00	0.000e+00	2.410e-03	7.515e-03
6.600	0.000e+00	0.000e+00	1.205e-03	4.509e-03
6.650	0.000e+00	0.000e+00	2.410e-03	4.509e-03
6.700	0.000e+00	0.000e+00	0.000e+00	4.509e-03
6.750	0.000e+00	0.000e+00	1.205e-03	1.503e-03
6.800	0.000e+00	0.000e+00	0.000e+00	1.503e-03
6.850	0.000e+00	0.000e+00	2.410e-03	4.509e-03
6.900	0.000e+00	0.000e+00	2.410e-03	4.509e-03
6.950	0.000e+00	0.000e+00	1.205e-03	4.509e-03
7.000	0.000e+00	0.000e+00	0.000e+00	3.006e-03
7.050	0.000e+00	0.000e+00	0.000e+00	0.000e+00
7.100	0.000e+00	0.000e+00	0.000e+00	7.515e-03
7.150	0.000e+00	0.000e+00	0.000e+00	3.006e-03
7.200	0.000e+00	0.000e+00	0.000e+00	6.012e-03
7.250	0.000e+00	0.000e+00	0.000e+00	3.006e-03
7.300	0.000e+00	0.000e+00	0.000e+00	0.000e+00
7.350	0.000e+00	0.000e+00	1.205e-03	3.006e-03
7.400	0.000e+00	0.000e+00	0.000e+00	0.000e+00
7.450	0.000e+00	0.000e+00	1.205e-03	4.509e-03
7.500	0.000e+00	0.000e+00	1.205e-03	6.012e-03
7.550	0.000e+00	0.000e+00	1.205e-03	4.509e-03
7.600	0.000e+00	0.000e+00	0.000e+00	3.006e-03
7.650	0.000e+00	0.000e+00	0.000e+00	3.006e-03
7.700	0.000e+00	0.000e+00	0.000e+00	0.000e+00
7.750	0.000e+00	0.000e+00	0.000e+00	0.000e+00
7.800	0.000e+00	0.000e+00	1.205e-03	3.006e-03
7.850	0.000e+00	0.000e+00	2.410e-03	1.503e-03
7.900	0.000e+00	0.000e+00	0.000e+00	0.000e+00
7.950	0.000e+00	0.000e+00	0.000e+00	0.000e+00
8.000	0.000e+00	0.000e+00	0.000e+00	1.503e-03
8.050	0.000e+00	0.000e+00	1.205e-03	3.006e-03
8.100	0.000e+00	0.000e+00	0.000e+00	3.006e-03
8.150	0.000e+00	0.000e+00	1.205e-03	1.503e-03
8.200	0.000e+00	0.000e+00	0.000e+00	1.503e-03
8.250	0.000e+00	0.000e+00	0.000e+00	0.000e+00
8.300	0.000e+00	0.000e+00	0.000e+00	0.000e+00
8.350	0.000e+00	0.000e+00	0.000e+00	0.000e+00
8.400	0.000e+00	0.000e+00	0.000e+00	0.000e+00
8.450	0.000e+00	0.000e+00	0.000e+00	0.000e+00
8.500	0.000e+00	0.000e+00	0.000e+00	0.000e+00
8.550	0.000e+00	0.000e+00	0.000e+00	0.000e+00
8.600	0.000e+00	0.000e+00	0.000e+00	0.000e+00
8.650	0.000e+00	0.000e+00	0.000e+00	0.000e+00
8.700	0.000e+00	0.000e+00	0.000e+00	1.503e-03
8.750	0.000e+00	0.000e+00	0.000e+00	0.000e+00
8.800	0.000e+00	0.000e+00	1.205e-03	1.503e-03
8.850	0.000e+00	0.000e+00	0.000e+00	0.000e+00
8.900	0.000e+00	0.000e+00	0.000e+00	1.503e-03
8.950	0.000e+00	0.000e+00	0.000e+00	1.503e-03
9.000	0.000e+00	0.000e+00	0.000e+00	0.000e+00
9.050	0.000e+00	0.000e+00	0.000e+00	0.000e+00
9.100	0.000e+00	0.000e+00	0.000e+00	0.000e+00
9.150	0.000e+00	0.000e+00	0.000e+00	0.000e+00
9.200	0.000e+00	0.000e+00	1.205e-03	1.503e-03
9.250	0.000e+00	0.000e+00	0.000e+00	1.503e-03
9.300	0.000e+00	0.000e+00	1.205e-03	0.000e+00
9.350	0.000e+00	0.000e+00	0.000e+00	0.000e+00
9.400	0.000e+00	0.000e+00	0.000e+00	0.000e+00
9.450	0.000e+00	0.000e+00	0.000e+00	0.000e+00
9.500	0.000e+00	0.000e+00	0.000e+00	0.000e+00
9.550	0.000e+00	0.000e+00	0.000e+00	3.006e-03
9.600	0.000e+00	0.000e+00	0.000e+00	1.503e-03
9.650	0.000e+00	0.000e+00	0.000e+00	0.000e+00
9.700	0.000e+00	0.000e+00	0.000e+00	0.000e+00
9.750	0.000e+00	0.000e+00	0.000e+00	0.000e+00
9.800	0.000e+00	0.000e+00	0.000e+00	0.000e+00
9.850	0.000e+00	0.000e+00	0.000e+00	0.000e+00
9.900	0.000e+00	0.000e+00	0.000e+00	0.000e+00
9.950	0.000e+00	0.000e+00	0.000e+00	0.000e+00
10.000	0.000e+00	0.000e+00	0.000e+00	0.000e+00
10.050	0.000e+00	0.000e+00	0.000e+00	0.000e+00
10.100	0.000e+00	0.000e+00	0.000e+00	0.000e+00
10.150	0.000e+00	0.000e+00	0.000e+00	0.000e+00
10.200	0.000e+00	0.000e+00	0.000e+00	0.000e+00
10.250	0.000e+00	0.000e+00	0.000e+00	0.000e+00
10.300	0.000e+00	0.000e+00	0.000e+00	0.000e+00
10.350	0.000e+00	0.000e+00	0.000e+00	0.000e+00
10.400	0.000e+00	0.000e+00	0.000e+00	0.000e+00
10.450	0.000e+00	0.000e+00	0.000e+00	0.000e+00
10.500	0.000e+00	0.000e+00	0.000e+00	0.000e+00
10.550	0.000e+00	0.000e+00	0.000e+00	0.000e+00
10.600	0.000e+00	0.000e+00	0.000e+00	0.000e+00
10.650	0.000e+00	0.000e+00	0.000e+00	0.000e+00
10.700	0.000e+00	0.000e+00	0.000e+00	0.000e+00
10.750	0.000e+00	0.000e+00	0.000e+00	1.503e-03
10.800	0.000e+00	0.000e+00	0.000e+00	0.000e+00
10.850	0.000e+00	0.000e+00	1.205e-03	1.503e-03
10.900	0.000e+00	0.000e+00	0.000e+00	1.503e-03
10.950	0.000e+00	0.000e+00	0.000e+00	0.000e+00
11.000	0.000e+00	0.000e+00	0.000e+00	0.000e+00
11.050	0.000e+00	0.000e+00	0.000e+00	0.000e+00
11.100	0.000e+00	0.000e+00	0.000e+00	0.000e+00
11.150	0.000e+00	0.000e+00	0.000e+00	0.000e+00
11.200	0.000e+00	0.000e+00	0.000e+00	0.000e+00
11.250	0.000e+00	0.000e+00	0.000e+00	0.000e+00
11.300	0.000e+00	0.000e+00	0.000e+00	0.000e+00
11.350	0.000e+00	0.000e+00	0.000e+00	0.000e+00
11.400	0.000e+00	0.000e+00	0.000e+00	0.000e+00
11.450	0.000e+00	0.000e+00	0.000e+00	0.000e+00
11.500	0.000e+00	0.000e+00	0.000e+00	1.503e-03
11.550	0.000e+00	0.000e+00	0.000e+00	0.000e+00
11.600	0.000e+00	0.000e+00	0.000e+00	0.000e+00
11.650	0.000e+00	0.000e+00	0.000e+00	0.000e+00
11.700	0.000e+00	0.000e+00	0.000e+00	0.000e+00
11.750	0.000e+00	0.000e+00	0.000e+00	0.000e+00
11.800	0.000e+00	0.000e+00	0.000e+00	0.000e+00
11.850	0.000e+00	0.000e+00	0.000e+00	0.000e+00
11.900	0.000e+00	0.000e+00	0.000e+00	0.000e+00
11.950	0.000e+00	0.000e+00	0.000e+00	0.000e+00
12.000	0.000e+00	0.000e+00	0.000e+00	0.000e+00
12.050	0.000e+00	0.000e+00	0.000e+00	0.000e+00
12.100	0.000e+00	0.000e+00	0.000e+00	0.000e+00
12.150	0.000e+00	0.000e+00	0.000e+00	0.000e+00
12.200	0.000e+00	0.000e+00	0.000e+00	0.000e+00
12.250	0.000e+00	0.000e+00	0.000e+00	0.000e+00
12.300	0.000e+00	0.000e+00	0.000e+00	0.000e+00
12.350	0.000e+00	0.000e+00	0.000e+00	0.000e+00
12.400	0.000e+00	0.000e+00	0.000e+00	0.000e+00
12.450	0.000e+00	0.000e+00	0.000e+00	0.000e+00
12.500	0.000e+00	0.000e+00	0.000e+00	0.000e+00
12.550	0.000e+00	0.000e+00	0.000e+00	0.000e+00
12.600	0.000e+00	0.000e+00	0.000e+00	0.000e+00
12.650	0.000e+00	0.000e+00	0.000e+00	0.000e+00
12.700	0.000e+00	0.000e+00	0.000e+00	0.000e+00
12.750	0.000e+00	0.000e+00	0.000e+00	1.503e-03
